spawns:
  default:
    world: 5eaa8144-2adf-4164-a151-70ae1ae982fb
    world-name: void
    x: -135.50015271399784
    y: -27.0
    z: -135.49939340493097
    yaw: 179.55029296875
    pitch: -4.200046062469482
